0000001100000000
0000000010100000
1010000000000000
0100100000000000
0001010000000010
0000000000000000
0000000000000000
0000000000000000
0000001100000000
0000000010100000
1000000000010000
0100100000000000
0001010000000010
0000000000000000
0000000000000000
0000000000000000
0000001100000000
0000000010100000
1010000000000000
0100100000000000
0001010000000110
0000000000000000
0000000000000000
0000000000000000
0000001100000000
0000000010100000
1000000000010000
0100100000000000
0001010000000110
0000000000000000
0000000000000000
0000000000000000
0000001100000000
0000000010100000
1010000000000000
0100100000000000
0001010000000000
0000000000000000
0000000000000000
0000000000000000
0000001100000000
0000000010100000
1010000000000000
0100100000000000
0001010000000001
0000000000000000
0000000000000000
0000000000000000
0000001100000000
0000000010100000
1010000000000000
0100100000000000
0001010000000011
0000000000000000
0000000000000000
0000000000000000
0000001100000000
0000000010100000
1000100000000000
0001010000000100
0000000000000000
0000000000000000
0000000000000000
0000000000000000
0000001100000000
0000000010100000
0010000100000000
0000000000001000
0000000000000000
0000000000000000
0000000000000000
0000000000000000
0000001100000000
0000000010100000
0011000000000000
0000000000000000
0000000000000000
0000000000000000
0000000000000000
0000000000000000
0000001100000000
0000000010100000
0001000000010000
0000000000000000
0000000000000000
0000000000000000
0000000000000000
0000000000000000
0000001100000000
0000000010100000
0010000100000000
0001000000100000
0000000000000000
0000000000000000
0000000000000000
0000000000000000
0000001100000000
0000000010100000
0000100100000000
0000000001010000
0000000000000000
0000000000000000
0000000000000000
0000000000000000
0000001100000000
0000000010100000
0000100100000000
0010000001000000
0000000000000000
0000000000000000
0000000000000000
0000000000000000
0000001100000000
0000000010100000
1000000000010000
0100100000000000
0000010000000110
0000000000000000
0000000000000000
0000000000000000
0000001100000000
0000000010100000
0000000000000000
0000000000000000
0000000000000000
0000000000000000
0000000000000000
0000000000000000
